"C:\Users\bianc\AppData\Local\Programs\IntelliJ IDEA Ultimate\jbr\bin\java.exe" "-javaagent:C:\Users\bianc\AppData\Local\Programs\IntelliJ IDEA Ultimate\lib\idea_rt.jar=54547:C:\Users\bianc\AppData\Local\Programs\IntelliJ IDEA Ultimate\bin" -Dfile.encoding=UTF-8 -classpath C:\Facultate_informatica\an3\ppd\tema5\out\production\lab5 Parallel
4 1
1 8
3 18
2 15
5 12
7 10
6 12
256 13
9 11
8 10
12 2
11 10
10 16
14 12
13 2
16 8
17 13
15 2
19 4
18 19
21 6
20 12
22 7
257 4
258 11
179 -1
23 1
24 8
180 19
25 10
26 13
181 17
182 9
27 14
183 5
29 16
184 20
28 4
185 7
186 9
30 17
31 16
187 11
188 18
32 18
34 5
33 16
189 14
190 8
35 11
36 17
191 13
192 1
37 20
193 3
38 7
194 13
39 13
195 15
196 4
197 16
41 1
42 6
198 19
44 12
40 -1
43 11
46 12
199 9
45 16
48 7
49 8
50 4
47 19
52 11
51 8
54 6
53 17
56 19
55 11
58 13
59 19
57 4
61 13
60 16
62 13
63 3
65 15
66 5
64 16
67 9
68 20
70 13
69 6
72 13
71 11
74 3
76 14
75 6
73 15
78 17
79 2
77 1
81 19
200 13
80 13
83 12
82 11
202 12
203 16
201 11
204 19
205 14
206 12
84 15
87 17
207 9
86 12
209 7
85 16
208 5
210 13
213 8
212 18
214 14
215 9
211 6
1 18
217 7
216 4
219 17
218 19
2 15
221 8
220 10
3 2
222 9
4 12
5 12
223 16
6 10
224 12
7 5
225 12
8 7
9 12
10 15
226 6
12 10
11 13
228 18
227 20
13 18
14 15
230 4
229 13
15 12
231 14
232 8
233 12
16 13
17 4
234 15
235 8
19 18
18 9
237 11
236 20
20 2
21 6
238 12
22 4
240 13
239 18
23 10
241 17
25 12
24 6
26 9
242 17
243 4
244 4
245 13
246 12
247 8
248 10
27 20
28 11
250 5
251 8
249 3
252 2
253 17
254 12
30 11
31 5
29 19
32 2
33 14
255 12
34 1
35 19
36 6
256 13
38 20
39 -1
257 5
37 9
258 20
40 5
42 11
41 17
44 2
43 12
179 9
45 16
180 16
46 13
47 18
181 4
182 1
48 1
49 12
184 1
183 16
185 7
187 17
188 1
50 -1
51 8
186 3
189 3
52 12
190 16
191 6
192 11
194 7
193 14
195 12
53 7
54 1
55 5
56 10
196 3
197 17
58 7
198 -1
59 1
57 13
60 2
199 10
200 13
61 5
201 2
62 1
63 20
203 11
202 17
64 6
204 18
66 19
65 3
67 19
69 7
205 1
68 17
207 9
206 10
208 6
209 10
70 17
71 6
210 13
211 16
212 16
72 20
213 12
214 1
215 11
73 7
74 11
216 1
76 9
77 11
78 5
79 14
75 11
82 6
81 2
80 14
217 12
84 2
83 16
86 15
85 10
218 6
87 13
221 10
1 20
2 17
220 6
219 9
4 14
3 7
223 20
5 18
222 15
224 9
225 9
7 15
6 14
8 11
10 8
11 17
12 2
9 2
13 4
227 16
226 13
228 11
15 7
229 6
14 4
16 9
230 19
17 9
18 19
19 2
231 9
21 16
20 17
233 9
22 10
232 10
234 18
23 11
235 4
236 18
24 17
25 8
237 8
26 14
238 19
239 12
27 3
240 2
28 5
241 3
29 15
30 1
242 19
31 12
243 10
32 2
33 5
244 1
245 18
34 6
246 6
36 7
247 7
35 15
37 14
248 19
38 15
249 19
39 14
40 16
252 14
250 -1
253 2
251 4
41 9
42 10
254 15
43 2
255 9
45 4
44 14
46 9
48 10
49 1
47 3
50 3
256 8
257 19
51 13
258 12
179 6
180 1
52 4
181 5
53 8
182 10
54 1
55 16
183 10
56 14
184 2
57 12
58 18
185 20
186 18
59 20
187 13
188 6
60 9
189 -1
62 11
190 19
61 12
63 -1
191 8
65 14
64 20
66 10
192 6
67 14
193 8
68 16
194 13
69 2
70 17
71 5
72 13
195 4
196 11
73 6
197 18
74 3
198 9
75 9
199 2
200 19
76 7
77 7
78 16
79 12
201 8
202 13
80 15
203 16
81 4
204 7
205 15
82 7
83 14
84 9
85 6
206 10
86 2
207 20
87 7
208 7
210 9
209 15
211 13
1 5
212 18
2 16
213 6
214 2
3 1
215 13
4 19
216 17
217 4
218 -1
5 9
7 3
219 1
220 19
6 19
8 6
221 11
222 2
223 20
9 9
11 4
12 1
224 16
10 11
13 11
225 6
14 10
226 16
15 2
227 12
16 6
17 1
228 7
18 10
229 13
19 17
230 15
20 8
231 16
21 7
232 5
233 9
234 4
22 8
235 15
237 14
238 -1
23 11
236 4
24 3
241 14
25 8
239 19
240 9
242 14
26 11
27 3
243 20
29 1
28 16
244 15
30 14
245 4
31 4
246 10
32 13
247 19
33 18
248 1
34 15
35 7
249 18
36 3
250 4
39 9
37 7
252 7
40 9
251 12
41 7
254 15
255 19
42 8
43 3
44 1
45 19
46 11
47 17
256 15
257 10
48 1
258 20
49 9
179 9
180 18
181 12
50 12
183 6
51 10
38 10
52 14
182 15
53 9
253 1
184 7
54 2
185 -1
56 7
186 17
187 2
57 6
55 18
188 6
58 8
59 13
190 20
189 20
61 10
192 10
62 5
191 12
60 17
193 15
195 1
194 18
63 4
196 19
197 14
64 12
198 12
199 5
65 19
200 8
66 10
201 9
202 15
203 7
67 19
204 19
68 13
205 14
69 2
206 7
70 12
207 3
208 8
71 6
209 5
211 13
210 1
212 12
72 6
213 12
214 7
215 10
73 5
216 2
74 8
217 18
75 18
76 12
77 9
218 2
78 13
79 3
80 16
81 11
82 10
83 3
84 18
85 1
86 17
87 14
219 6
220 8
221 11
222 7
223 18
224 9
225 3
226 6
227 11
228 2
1 8
229 -1
2 6
3 13
231 16
230 9
4 14
5 10
233 8
232 7
234 10
6 14
236 9
7 11
235 18
9 2
10 20
8 14
237 8
11 3
238 6
12 2
239 20
240 -1
241 18
242 9
13 18
243 7
14 13
15 18
16 11
17 3
18 14
19 17
244 1
245 9
20 10
246 10
247 12
248 19
249 2
250 3
251 10
21 15
252 19
22 13
253 1
254 5
23 19
255 7
24 10
25 3
26 7
27 10
256 18
28 2
257 17
29 16
258 5
30 4
179 5
31 14
180 11
32 4
33 20
181 7
183 2
34 10
35 20
37 5
182 13
38 11
184 18
36 3
185 6
187 14
39 6
188 6
186 11
189 9
41 1
40 15
191 13
43 17
192 18
42 11
190 8
193 13
44 3
194 7
45 9
196 14
195 19
197 7
198 8
200 10
46 7
48 6
201 4
47 9
203 5
199 7
204 1
202 12
50 13
205 20
51 13
49 16
207 2
53 1
206 14
54 20
52 15
55 1
57 18
58 11
56 11
208 11
210 13
59 16
209 6
60 17
212 12
211 17
213 11
61 3
62 2
63 12
64 18
216 -1
215 6
214 10
66 16
217 12
65 5
67 2
220 13
218 1
221 3
222 3
223 2
224 7
219 2
225 19
69 15
68 19
226 9
70 17
228 3
227 7
229 4
71 12
230 14
73 8
74 20
72 1
76 16
75 9
231 15
232 14
78 10
233 13
77 5
79 19
235 17
236 2
234 20
80 8
81 6
82 3
237 4
238 5
84 -1
83 20
85 8
86 9
240 16
239 15
242 16
87 15
241 8
243 5
245 18
244 13
247 14
246 17
249 14
248 15
1 7
251 11
250 19
252 19
254 13
253 10
2 11
255 20
4 10
5 1
3 15
259 9
6 20
8 14
7 11
10 6
9 3
261 12
260 19
262 5
12 20
263 3
11 16
266 1
265 15
264 14
267 5
13 2
16 14
15 1
14 12
19 16
17 10
18 9
268 19
20 3
22 15
269 12
24 1
21 20
270 6
271 2
23 2
273 4
25 10
272 19
274 7
28 9
27 16
29 17
26 14
276 16
275 3
278 13
279 15
277 15
30 15
281 16
280 19
31 14
282 15
32 7
33 15
283 8
284 20
35 16
34 10
285 14
37 3
38 8
36 18
40 2
286 6
41 8
39 5
42 14
287 6
43 11
288 17
289 12
291 16
290 14
44 13
45 5
293 3
294 13
292 19
47 10
46 15
295 18
297 16
296 6
48 13
298 6
300 1
50 16
299 16
301 5
51 1
302 16
49 8
52 9
303 2
53 8
54 6
306 9
305 8
55 14
304 18
307 1
56 10
310 -1
308 20
309 11
57 18
312 10
313 4
58 12
315 3
311 18
314 2
316 15
59 7
60 17
317 5
61 12
62 16
64 7
63 9
318 7
65 -1
67 2
68 18
66 9
319 2
69 6
320 13
70 16
321 20
71 16
323 6
322 12
72 2
73 3
324 11
325 13
74 19
326 6
327 5
75 4
77 8
76 19
328 1
330 3
331 17
329 1
80 2
79 9
78 14
332 7
334 9
333 10
335 3
336 17
82 9
81 20
337 9
84 7
83 12
338 20
85 12
86 15
339 5
341 12
340 5
342 13
87 17
343 15
344 10
346 10
345 18
347 9
350 1
349 14
1 2
348 1
2 6
3 13
4 20
5 6
6 2
259 15
7 12
8 1
260 9
9 3
10 19
261 13
11 6
262 13
12 18
13 9
263 12
14 16
16 9
17 10
264 17
15 17
18 20
265 18
19 19
267 11
266 11
268 6
20 9
21 7
269 17
270 17
22 2
271 15
24 -1
272 -1
23 11
273 8
25 18
26 4
27 15
28 9
274 12
29 7
275 17
30 17
276 13
31 1
277 6
32 5
33 11
34 11
35 20
36 4
280 13
278 7
281 16
282 15
37 20
39 2
279 15
284 20
283 10
40 5
41 16
42 2
38 1
285 17
43 7
286 4
44 14
287 12
288 19
45 16
46 17
289 2
47 5
48 9
290 19
49 2
50 6
292 19
293 15
294 18
51 11
295 11
296 9
291 9
297 17
298 10
299 17
52 1
53 10
54 2
300 8
302 16
301 4
56 5
55 17
304 19
57 6
303 5
305 18
306 8
307 13
308 8
309 11
310 14
311 3
58 14
59 10
312 13
313 12
314 18
60 16
315 17
317 19
316 9
61 9
318 15
62 19
320 19
319 -1
321 9
322 1
323 15
324 4
63 5
326 1
325 7
64 1
328 3
327 1
329 19
330 2
331 4
333 3
332 14
334 9
335 8
336 19
337 12
338 20
65 2
66 14
67 18
68 5
70 5
71 1
69 10
72 20
73 11
74 12
75 20
339 10
76 17
340 17
341 16
77 1
342 5
343 6
78 3
344 1
345 10
79 2
346 11
347 20
80 10
348 13
82 3
81 12
83 5
84 12
86 19
85 8
87 1
1 8
2 7
3 16
349 12
4 18
5 15
6 1
350 19
7 9
9 10
8 10
10 3
11 14
12 5
13 17
14 10
16 16
17 11
15 14
18 19
19 2
21 12
20 7
23 9
22 20
25 15
24 -1
26 18
259 12
262 10
261 15
263 8
260 -1
27 5
28 19
30 14
29 18
31 9
33 16
34 7
32 2
264 5
35 14
36 14
265 20
266 4
37 13
268 1
38 13
269 20
39 13
40 15
41 18
267 9
42 12
270 11
272 12
271 8
44 14
273 15
43 18
45 5
274 12
46 15
275 20
47 3
48 6
276 17
277 2
50 14
51 5
49 14
52 7
278 11
279 19
53 8
280 9
281 4
283 13
284 16
282 1
54 3
55 16
285 14
56 12
286 -1
287 14
57 9
288 17
58 18
289 20
59 15
60 1
290 7
291 18
292 16
61 8
293 4
294 14
295 12
62 17
296 19
63 14
64 16
297 10
299 13
298 15
301 11
65 5
300 3
66 8
302 16
67 4
68 14
69 12
70 5
71 5
303 6
73 12
72 7
304 17
305 9
307 12
306 3
74 8
308 9
75 12
309 19
76 -1
310 8
311 5
77 11
78 9
312 10
313 16
314 2
80 7
79 10
315 8
316 12
317 13
318 19
81 14
319 3
320 3
82 10
321 16
322 2
324 9
323 8
326 12
325 6
327 6
328 11
83 14
84 4
330 15
329 13
85 19
86 16
87 10
331 6
332 10
333 12
334 20
336 5
335 6
337 3
338 11
2 1
1 15
3 20
339 19
340 19
5 17
4 1
341 2
343 7
342 1
6 2
7 14
345 11
8 14
344 11
346 2
9 8
10 12
348 7
347 6
12 2
11 1
349 12
13 18
350 9
14 6
16 6
17 6
18 15
15 7
19 9
21 5
20 6
22 -1
23 1
259 20
260 2
261 20
262 6
24 13
263 8
25 17
265 9
26 10
27 3
266 9
267 3
264 9
268 3
28 8
269 8
271 1
270 9
29 8
30 6
31 20
272 3
273 16
33 11
32 14
274 3
275 6
276 16
277 20
34 -1
278 17
35 18
279 8
36 20
280 16
37 18
38 14
281 7
39 2
40 14
42 2
41 1
43 8
44 3
283 8
45 2
284 8
285 6
282 15
286 3
46 3
287 15
288 19
289 2
290 4
291 11
292 -1
47 8
48 17
49 10
293 13
50 12
51 18
294 18
295 15
52 1
53 14
297 1
296 6
298 1
300 13
299 13
301 12
302 14
303 4
304 20
55 3
305 16
54 18
56 14
306 7
57 10
58 4
59 8
60 12
307 9
61 5
308 9
63 4
309 3
65 8
62 14
310 3
64 17
66 1
67 5
311 3
312 18
313 11
68 16
314 3
69 17
315 18
316 1
317 7
70 7
318 -1
71 4
319 10
321 6
72 14
320 20
322 2
73 -1
323 14
74 13
76 18
75 2
324 9
325 2
77 5
326 16
327 4
328 6
329 6
78 7
79 8
330 13
331 5
80 12
81 9
332 19
83 11
333 16
82 7
84 11
334 8
85 16
87 13
86 14
335 20
336 5
338 13
337 17
339 15
340 -1
342 7
343 18
344 16
341 15
345 6
1 19
346 18
2 4
348 2
349 4
3 18
347 -1
4 20
5 4
6 2
7 17
8 5
350 6
10 16
9 16
11 18
12 11
14 4
15 3
13 13
16 3
17 2
259 11
18 3
260 3
261 13
262 13
263 17
19 11
264 16
20 19
21 15
22 1
23 10
24 16
265 14
266 16
267 3
268 13
270 2
269 3
25 4
26 1
27 13
271 13
28 5
272 4
29 3
31 14
30 8
274 8
273 4
275 12
32 9
276 5
277 1
278 5
33 14
34 19
36 2
35 4
37 16
279 16
38 18
280 17
281 2
282 19
39 1
40 18
41 15
283 19
42 4
43 1
284 11
44 15
285 4
286 19
45 7
287 2
46 8
47 7
48 2
49 4
288 7
289 11
50 17
290 11
291 19
292 10
51 7
293 4
52 3
54 19
53 6
55 10
56 17
57 6
294 15
295 10
58 14
59 15
61 8
60 6
62 9
63 3
296 7
65 19
66 8
67 19
64 14
297 16
68 10
298 15
299 5
300 1
69 18
70 11
301 20
71 11
302 17
72 11
303 20
74 7
73 17
76 5
77 1
75 10
78 10
304 6
79 14
305 13
80 18
81 17
306 18
82 19
83 14
307 3
84 19
86 4
85 20
308 20
87 10
309 7
310 16
311 19
312 10
313 17
314 16
315 15
128 7
316 2
129 11
317 20
318 1
320 18
130 20
319 19
131 2
321 10
322 9
133 9
132 5
323 4
134 11
135 6
324 1
136 7
325 19
137 19
138 5
326 7
139 2
140 7
141 9
327 15
142 19
143 19
144 5
328 12
329 19
330 15
145 17
146 7
147 17
331 13
148 17
149 14
332 15
150 9
151 16
334 19
333 14
153 8
152 19
154 5
335 1
155 10
337 7
336 3
339 8
338 10
340 13
341 8
342 11
343 13
156 20
157 20
158 7
159 4
160 10
161 17
162 11
345 4
163 8
344 17
164 9
165 8
166 1
346 8
167 20
168 17
169 16
170 2
347 8
348 4
349 16
350 12
171 6
172 16
173 7
174 10
176 8
175 7
177 6
89 10
178 2
88 17
90 3
91 1
259 16
260 17
261 1
262 9
263 8
264 20
265 1
266 6
267 1
268 7
92 8
270 19
269 17
93 6
271 15
95 3
94 5
96 7
97 1
98 7
273 12
272 4
99 19
274 4
101 20
100 8
275 5
102 3
103 9
276 10
104 8
277 8
278 20
279 7
280 17
105 7
281 -1
282 14
283 16
106 3
284 2
285 10
287 10
286 5
288 4
107 10
289 17
108 1
109 19
110 18
112 2
111 1
113 9
290 20
114 19
291 6
115 -1
292 5
293 1
116 5
294 9
295 17
117 1
296 5
119 9
297 4
118 20
120 9
121 12
298 17
299 9
122 4
301 13
300 20
123 3
302 9
124 15
125 18
303 15
304 3
126 5
127 10
306 15
305 12
307 17
310 7
309 12
308 17
312 20
311 11
313 17
314 1
315 3
316 8
128 9
129 -1
130 16
131 20
132 19
317 19
318 10
319 13
134 14
133 19
320 3
135 16
321 5
136 14
137 3
322 7
138 4
323 10
324 8
325 15
326 5
327 5
139 11
328 13
140 9
330 6
141 15
329 9
331 13
142 8
332 19
333 16
143 5
334 5
144 17
335 2
145 18
336 19
337 19
338 10
146 11
147 4
340 11
341 12
339 2
342 13
148 13
149 16
343 16
344 12
345 7
346 5
150 16
347 7
151 8
349 20
348 18
350 5
152 5
153 15
154 13
155 14
156 3
157 20
158 15
159 14
160 20
259 11
260 13
261 13
161 16
262 6
264 13
162 15
265 18
263 20
266 15
163 18
267 5
164 20
165 17
268 9
269 3
270 19
271 2
166 16
167 19
272 5
274 15
273 17
275 16
168 16
276 7
169 17
277 1
170 1
278 4
171 10
279 1
280 7
172 1
281 14
173 3
282 19
174 -1
283 19
175 4
284 6
285 1
286 1
287 10
176 17
177 14
288 10
289 19
290 1
291 16
178 17
292 18
294 19
293 3
88 17
295 20
296 20
89 14
297 18
298 8
299 7
90 12
300 17
91 19
301 4
302 4
303 11
92 20
304 13
93 18
306 16
305 13
95 2
96 14
94 17
307 17
97 15
308 16
98 8
309 17
99 15
310 2
311 13
100 19
102 11
101 11
312 17
103 2
105 1
313 19
104 12
106 16
107 2
314 14
315 14
316 1
317 20
109 7
108 9
110 7
318 15
111 4
319 5
112 11
320 8
113 13
321 12
322 18
323 19
114 19
324 17
115 7
325 6
327 10
326 11
116 1
328 15
117 17
118 18
329 12
330 15
119 5
332 4
331 16
333 3
120 3
335 20
334 11
336 17
121 19
337 12
122 15
338 3
123 10
339 19
340 9
341 17
124 20
342 17
125 18
343 14
126 -1
344 1
345 3
346 13
127 16
347 6
349 20
348 17
350 11
128 12
129 20
131 7
132 10
130 10
133 14
134 12
136 9
135 9
259 19
137 20
260 14
262 6
261 2
138 2
139 1
264 1
140 1
263 2
265 13
141 5
266 20
267 12
268 5
269 5
142 5
270 4
143 17
144 16
271 2
146 3
145 18
147 6
273 11
272 2
274 4
148 1
149 16
275 1
276 12
150 18
277 10
278 18
279 5
151 20
280 1
152 13
153 15
154 2
155 7
282 9
283 13
156 19
281 14
284 18
157 14
158 10
159 15
286 9
287 10
285 18
160 8
288 -1
161 8
162 13
289 19
163 6
164 -1
290 16
165 16
291 3
166 10
293 16
292 1
294 14
167 14
295 12
168 14
169 6
170 5
296 16
297 2
298 12
171 10
172 13
173 7
174 9
300 15
299 3
175 2
301 6
302 13
176 12
177 7
178 18
303 13
88 10
304 20
89 12
305 18
90 18
306 2
307 10
91 7
92 10
308 6
93 14
310 16
311 7
309 5
94 17
312 11
313 2
95 8
314 1
96 10
98 2
97 1
315 9
99 20
100 9
101 13
317 15
316 18
318 19
319 19
103 15
320 9
102 12
104 4
105 13
106 7
321 17
107 17
322 -1
323 10
108 1
324 15
109 2
110 17
112 10
111 4
326 12
325 16
327 4
113 1
328 14
329 10
330 5
114 8
331 6
332 13
115 7
334 10
333 17
116 3
335 20
117 12
118 14
120 14
119 5
336 5
121 3
337 8
338 6
122 20
339 15
340 6
123 17
341 15
124 14
342 3
125 6
343 3
126 5
127 3
344 1
345 3
346 15
347 7
348 12
349 17
350 3
128 12
129 15
130 5
131 2
132 2
133 17
134 16
260 14
135 19
259 6
136 19
137 20
139 -1
138 19
261 7
140 10
262 19
141 14
263 2
264 -1
265 10
267 6
266 12
142 20
268 7
269 4
270 3
271 18
143 1
272 10
273 13
274 1
144 10
276 4
275 17
277 18
145 10
278 2
147 9
146 20
148 7
279 14
149 13
280 15
150 -1
281 14
151 18
152 17
283 7
282 4
284 3
153 19
285 10
286 5
287 1
288 13
289 7
290 2
291 3
154 20
155 14
292 4
293 -1
156 1
157 8
294 10
158 16
159 2
160 7
161 16
162 11
163 1
165 7
166 20
168 1
164 1
167 11
170 9
169 13
295 5
171 20
297 1
298 14
299 10
296 11
172 13
173 10
174 4
175 15
176 18
177 6
178 5
88 4
89 14
90 2
91 11
92 7
93 15
94 10
95 12
300 7
96 12
301 3
97 12
98 9
303 17
302 9
304 17
99 8
100 2
305 13
306 11
307 1
101 8
308 13
102 15
309 7
310 18
311 16
104 13
103 7
105 14
106 9
107 8
312 1
313 4
315 14
314 6
316 18
317 18
318 12
319 15
321 4
323 7
322 6
324 1
320 16
325 15
327 15
326 17
328 17
329 12
330 7
332 4
331 4
333 2
334 16
335 20
336 9
337 8
338 9
339 9
340 11
341 11
109 3
108 8
110 4
111 2
112 7
113 -1
342 13
343 10
344 3
345 13
346 17
347 17
348 18
350 14
349 15
114 15
115 17
116 12
117 12
118 16
119 11
120 20
121 17
259 19
260 12
123 13
122 8
261 20
124 2
262 6
125 20
263 1
126 20
127 10
128 16
130 13
129 1
131 7
132 9
133 7
134 15
135 15
264 19
136 5
137 19
265 18
266 13
138 11
267 13
139 17
268 2
140 14
269 12
141 11
270 4
142 4
271 2
272 12
143 -1
274 7
273 1
144 -1
275 16
145 5
276 15
277 20
278 3
279 5
146 8
147 20
280 14
148 13
281 3
282 19
149 10
284 11
283 14
150 20
285 1
151 3
286 5
152 10
153 6
287 4
154 2
155 6
156 16
157 17
288 2
158 6
159 10
289 18
160 2
290 18
292 14
161 15
291 3
293 19
294 18
295 11
162 20
163 9
164 15
296 17
166 20
165 10
297 9
298 8
299 17
300 13
301 2
167 6
302 15
168 12
169 2
170 12
303 14
171 8
172 3
304 6
305 7
173 6
306 5
174 15
308 19
307 7
309 17
175 6
310 16
177 16
311 6
176 11
178 7
312 9
314 19
315 17
313 3
88 11
89 12
90 11
316 18
317 -1
319 12
91 3
92 3
318 7
93 16
320 3
321 4
94 20
322 17
96 6
95 14
97 20
323 5
324 5
325 20
327 16
326 -1
98 17
328 2
99 16
100 16
329 14
101 16
330 11
331 1
102 9
103 10
333 3
332 20
104 6
105 15
334 5
107 19
106 2
108 10
335 18
336 7
109 9
110 10
337 11
111 13
338 20
112 2
113 3
114 17
339 2
115 18
116 16
117 7
118 5
340 13
119 6
341 19
342 17
343 4
120 11
344 8
121 11
345 19
122 2
346 3
347 18
123 17
348 3
124 20
349 20
350 18
125 17
126 18
127 13
351 11
352 10
353 16
354 7
355 5
356 11
357 7
358 10
359 3
360 4
361 12
128 3
129 12
362 11
363 2
364 14
365 2
130 11
131 10
132 7
133 20
366 18
134 1
135 13
367 -1
368 3
136 19
369 9
137 12
371 18
138 2
372 15
373 1
375 12
376 2
139 16
140 8
377 7
141 5
378 2
379 9
370 9
380 10
143 13
144 16
145 6
381 11
146 -1
147 3
142 14
382 15
374 20
148 9
149 9
383 6
150 9
151 10
152 17
384 19
385 14
387 11
386 11
388 4
153 15
389 12
390 20
391 9
392 8
393 7
154 7
394 16
155 5
395 20
156 11
157 19
158 7
396 11
397 14
398 15
159 6
399 19
160 2
400 12
161 3
401 16
162 9
402 20
403 19
404 5
405 5
406 10
407 11
408 13
163 12
409 4
164 3
410 13
411 5
165 20
412 17
413 19
414 3
416 17
415 3
417 8
418 11
419 18
166 17
420 18
421 13
167 6
422 16
423 12
168 14
424 15
425 10
426 11
427 9
428 13
429 7
430 3
432 9
431 3
433 5
434 1
435 -1
169 8
436 12
170 5
171 8
437 12
172 10
438 13
439 14
440 9
441 19
442 4
443 2
444 3
445 11
446 16
447 3
173 17
174 11
175 13
176 6
177 3
178 1
448 5
88 2
89 3
90 8
91 16
351 11
92 4
352 17
353 7
354 11
355 16
356 13
93 11
94 7
357 -1
358 8
359 14
360 20
95 20
96 18
97 9
98 9
361 2
362 11
99 9
363 12
100 13
364 19
101 18
103 3
102 3
104 18
105 20
106 9
107 15
366 8
365 17
367 20
369 8
108 1
368 8
109 15
110 17
112 14
113 1
114 16
111 7
370 3
115 10
371 13
116 6
372 4
373 12
374 19
117 11
118 8
375 -1
119 11
120 3
121 4
376 13
377 3
122 14
378 16
379 1
124 15
380 20
123 16
125 7
126 3
127 20
381 11
382 11
383 9
384 2
387 5
385 16
386 13
388 2
389 17
390 13
391 -1
392 4
393 12
128 1
129 13
395 3
130 5
396 17
394 14
397 20
398 5
399 14
400 4
401 19
131 12
402 4
403 16
404 19
405 2
407 11
408 3
409 8
132 -1
406 5
410 9
411 14
133 20
412 10
413 20
414 17
415 5
416 3
134 11
417 19
418 10
419 10
420 5
422 17
423 12
421 1
424 16
135 5
425 9
136 12
426 19
137 2
427 2
138 5
428 9
429 15
430 11
431 18
432 1
139 19
433 7
434 7
140 1
141 7
435 -1
142 -1
143 14
436 18
437 12
144 13
145 19
146 5
438 4
439 9
441 14
442 3
440 14
443 5
444 5
147 15
445 3
446 4
148 6
447 12
448 13
149 19
150 15
151 1
152 2
153 3
155 1
156 15
154 7
157 11
158 8
351 7
159 17
352 7
160 16
353 14
354 11
355 18
357 8
359 16
358 6
356 9
361 20
360 2
362 15
161 15
162 20
363 10
364 13
163 1
365 8
366 6
367 12
164 3
368 15
165 8
166 5
167 8
369 9
168 6
370 15
371 1
169 1
170 8
172 3
372 10
171 4
373 8
173 10
375 20
174 -1
175 19
176 9
177 1
374 14
376 2
377 5
378 18
379 -1
380 -1
381 -1
382 18
383 15
384 12
385 7
386 18
387 9
388 16
389 5
390 6
391 5
393 9
392 12
394 10
395 20
396 5
397 20
178 5
398 2
88 11
399 13
400 8
89 4
401 14
90 16
402 13
403 4
91 15
92 13
404 4
406 1
93 4
405 8
407 19
408 10
409 2
95 13
96 16
94 9
97 17
98 12
99 1
410 14
411 6
412 5
413 19
414 1
415 18
416 17
100 16
417 10
101 19
418 19
419 15
420 10
103 17
102 3
104 13
105 1
106 20
421 9
107 19
108 14
422 11
109 8
110 8
423 10
111 9
424 19
112 14
426 -1
113 4
427 10
428 20
114 20
425 1
429 20
115 17
430 16
431 19
432 6
433 15
434 7
435 13
116 19
436 6
437 20
117 9
438 20
439 11
440 13
441 13
118 17
442 -1
443 11
444 19
119 7
120 -1
445 20
121 6
446 15
447 11
122 17
123 11
448 18
124 9
125 8
126 4
127 4
128 4
129 6
130 2
131 3
132 12
133 7
134 2
135 6
351 9
136 2
137 8
352 6
353 5
354 7
138 14
139 14
140 2
355 20
356 10
357 14
141 11
142 8
358 10
359 17
360 3
361 15
362 17
363 16
364 3
365 15
366 18
367 8
368 10
369 9
370 4
371 7
372 13
143 20
144 10
145 10
373 20
146 2
374 8
147 4
375 3
376 4
377 19
149 8
148 14
150 10
151 8
152 12
153 9
154 11
155 4
156 10
157 9
158 15
159 3
160 17
161 1
162 11
378 19
379 7
380 19
381 2
382 14
383 13
163 1
164 3
165 15
166 4
167 14
168 1
169 14
170 2
171 4
172 7
173 19
174 6
175 -1
384 7
385 11
387 9
386 19
388 15
389 20
390 16
176 4
177 3
178 14
89 6
88 5
90 13
91 5
92 9
93 14
94 10
96 11
95 9
97 6
98 16
99 15
100 20
101 8
102 12
103 11
391 16
104 5
392 10
105 7
393 18
106 1
108 18
107 19
109 10
110 10
111 11
112 -1
113 11
115 19
114 15
116 11
117 15
118 5
119 19
120 3
121 6
394 6
122 13
395 12
123 10
396 9
124 2
397 18
125 19
126 5
398 3
127 6
399 11
400 18
401 13
402 13
403 8
128 6
129 1
130 3
131 13
132 6
133 5
134 12
135 19
137 17
136 14
138 14
139 9
141 5
140 4
142 17
144 8
404 9
143 3
146 9
405 13
145 19
406 8
147 6
148 13
408 5
407 1
149 1
409 20
150 14
410 3
151 7
411 15
152 10
412 6
413 1
153 11
414 8
415 16
154 17
416 2
417 17
155 15
418 13
156 17
419 11
420 11
157 -1
421 17
422 14
158 18
159 11
160 11
423 7
161 11
424 6
162 14
425 1
426 9
427 5
163 17
428 10
164 11
429 18
430 6
165 14
166 18
167 8
168 5
431 12
432 7
433 9
169 20
434 5
170 19
171 6
172 3
435 3
173 16
436 1
437 12
438 1
174 2
439 2
440 8
441 6
443 15
442 7
444 19
445 7
446 4
447 4
448 18
175 16
176 2
177 4
178 12
88 8
89 7
90 8
91 7
92 12
93 2
95 13
94 15
351 16
96 18
97 16
98 12
352 2
353 3
354 12
99 19
355 17
356 1
357 6
358 19
100 -1
359 1
360 20
101 7
361 1
102 15
362 18
103 11
363 11
364 18
104 14
365 7
105 4
366 18
106 6
367 17
107 7
368 19
108 20
109 5
369 11
110 14
370 16
371 10
111 -1
372 8
373 10
112 20
374 19
113 4
375 8
376 18
114 -1
377 19
379 5
115 2
380 6
381 9
382 9
116 18
383 7
378 7
385 2
386 2
387 16
117 13
388 10
389 16
118 1
390 6
119 11
391 7
120 13
392 19
121 1
384 12
393 -1
122 11
394 7
123 12
395 9
124 4
396 18
125 11
126 18
397 2
398 7
399 12
400 9
401 4
402 15
403 10
127 14
404 16
405 20
406 12
407 7
408 12
409 17
410 16
128 16
129 9
130 9
131 1
411 16
412 8
413 18
414 10
132 13
415 12
133 2
416 7
417 13
134 4
418 16
419 9
135 1
136 7
420 6
421 11
137 2
139 14
138 12
141 14
140 10
142 13
422 15
143 9
144 9
423 8
145 3
424 5
425 13
426 9
427 15
428 6
429 17
430 15
431 16
433 15
432 7
434 -1
435 2
436 18
437 14
439 3
438 14
440 14
441 19
442 16
443 5
444 12
446 17
445 12
447 15
448 16
351 6
353 17
354 11
352 14
355 2
356 2
357 16
146 2
358 16
147 11
359 17
148 16
360 20
361 1
362 14
149 7
363 13
150 6
364 4
365 6
151 9
152 15
366 9
153 9
154 8
367 1
155 3
368 18
369 15
156 17
157 8
370 20
371 4
159 7
158 14
372 13
373 7
374 18
375 9
160 6
161 3
376 2
163 12
162 2
164 12
165 12
166 8
168 8
167 14
169 8
170 16
171 13
172 11
173 16
174 20
175 3
176 19
177 18
178 10
88 6
89 3
90 19
377 9
378 13
379 9
91 8
92 1
93 7
94 4
381 9
383 17
382 13
384 6
380 4
385 15
95 4
386 10
96 12
97 2
98 18
99 20
100 11
101 5
102 18
103 20
104 9
387 17
388 8
389 2
390 18
391 2
392 10
393 18
394 18
395 3
105 16
106 10
107 9
108 4
109 14
110 9
111 15
112 19
396 17
113 4
397 4
398 11
399 19
400 12
401 12
402 13
403 11
404 4
114 16
115 12
405 9
407 7
408 1
406 16
409 13
410 19
411 12
116 4
412 5
413 11
117 19
414 6
415 8
416 18
417 10
418 11
118 3
420 1
419 2
421 4
422 17
119 12
423 5
120 18
425 9
424 9
426 14
121 1
427 4
428 3
429 15
430 8
122 16
431 9
123 17
432 16
124 8
433 18
125 7
126 9
434 11
127 8
435 6
436 16
437 9
438 5
439 13
440 18
441 19
442 15
443 20
444 4
445 17
446 19
447 9
448 3
256 15
257 1
258 5
180 3
179 13
181 10
182 7
351 4
352 2
183 1
353 6
184 16
185 16
186 1
187 18
188 8
189 17
190 2
191 9
192 11
194 8
193 3
195 12
196 6
355 13
354 15
356 10
357 3
358 12
359 10
360 18
361 8
362 20
363 11
364 14
197 11
365 14
198 -1
199 19
200 6
201 1
202 8
366 16
203 3
367 9
204 14
205 4
206 3
368 12
207 9
369 2
370 13
372 4
371 2
208 15
373 15
374 12
375 4
209 12
377 2
376 15
378 2
210 2
211 8
379 7
380 11
381 12
212 5
382 2
213 8
383 5
214 4
384 11
215 17
385 8
386 8
216 8
387 13
217 10
388 5
389 3
218 10
390 17
219 20
220 16
392 6
391 16
221 7
222 9
223 15
224 11
393 13
394 9
225 9
395 20
226 1
227 7
396 18
397 2
398 5
228 18
399 10
229 19
230 12
400 9
231 11
232 16
233 15
401 2
402 3
234 5
235 5
236 14
237 20
238 15
403 18
404 14
405 20
406 7
239 16
407 3
408 14
240 11
241 19
242 14
243 4
244 16
245 12
246 4
247 14
409 9
248 19
249 17
410 20
250 4
411 6
251 15
412 13
413 17
414 19
252 6
415 8
253 2
416 10
254 12
417 7
418 8
419 7
255 5
420 8
421 17
422 4
423 17
424 5
425 8
426 12
257 7
427 13
256 12
179 18
428 18
258 7
429 13
180 19
430 12
431 20
181 11
182 1
183 11
432 10
184 2
185 9
186 13
187 4
188 3
189 1
433 10
434 18
435 3
190 8
436 14
191 8
437 20
192 8
438 2
439 11
440 6
193 3
441 5
442 4
443 1
194 6
444 9
445 7
195 2
446 18
196 17
447 5
197 2
448 1
198 4
199 13
200 6
201 19
202 15
351 18
203 14
352 6
354 9
353 17
204 18
205 18
355 10
356 18
357 16
206 13
207 14
208 19
358 10
209 17
210 4
212 18
211 17
359 12
360 20
213 10
361 13
214 13
215 9
362 10
216 10
363 5
217 11
364 19
218 15
365 6
219 1
366 19
220 9
367 3
222 10
368 18
221 9
369 17
223 13
224 19
370 18
225 17
371 7
372 11
373 19
226 15
374 16
375 17
376 20
227 7
228 4
377 20
378 17
229 14
379 17
380 17
230 4
381 5
382 13
383 5
231 4
232 9
384 18
385 16
233 1
234 18
386 20
235 1
387 17
236 15
388 4
238 5
389 1
239 10
237 8
240 8
390 14
241 3
391 11
242 20
392 5
393 2
394 4
395 -1
243 20
244 10
245 13
396 1
397 5
246 20
398 18
247 12
399 20
248 18
400 12
249 17
250 -1
251 11
401 2
402 18
403 8
404 2
252 6
405 8
253 13
406 13
254 17
407 4
255 5
408 13
409 5
410 18
411 13
412 6
413 17
256 15
414 9
257 10
415 18
258 20
416 11
417 13
418 10
419 6
420 5
421 8
422 2
423 -1
424 2
179 2
425 3
180 13
426 13
181 9
427 6
182 13
183 11
428 10
184 7
185 12
429 3
430 11
431 -1
186 7
187 8
188 1
432 17
189 12
190 15
433 7
191 15
435 11
192 12
434 10
436 5
193 10
194 17
195 9
437 10
438 14
439 3
440 16
196 15
197 5
198 4
441 10
199 15
200 17
201 14
442 4
202 10
443 16
444 4
445 11
446 8
203 17
447 13
204 14
448 11
205 20
206 10
207 16
208 6
209 17
210 13
211 14
212 18
213 4
214 9
215 20
216 8
351 10
217 19
218 4
219 15
352 16
220 5
353 17
354 6
355 11
221 17
356 1
222 9
357 12
358 1
223 20
359 3
360 8
361 10
362 9
224 10
363 13
364 19
225 3
365 5
226 6
366 9
367 5
368 4
227 18
228 -1
369 19
229 12
231 10
370 9
230 15
232 18
371 11
372 8
373 2
233 2
374 10
234 18
235 -1
236 18
375 5
237 13
238 1
239 4
240 7
241 1
242 8
243 1
376 20
244 6
245 15
246 7
247 18
377 12
248 2
249 10
378 3
250 17
251 11
379 13
380 10
252 2
381 5
253 14
382 7
254 14
383 7
384 6
255 11
385 16
386 2
387 7
388 7
390 13
389 11
391 4
392 18
393 15
394 11
395 16
256 10
396 18
397 3
398 6
399 12
400 3
257 1
401 5
258 14
402 19
179 19
180 2
404 10
403 16
181 16
405 3
182 4
183 -1
184 9
185 3
187 -1
406 18
186 8
407 9
188 19
408 9
409 17
189 7
190 7
410 14
191 16
411 7
192 14
412 16
193 20
413 5
194 4
414 9
195 9
415 17
416 11
196 7
417 3
197 13
198 14
418 3
199 17
200 12
201 8
419 3
420 10
421 2
422 2
423 19
424 16
425 4
426 15
427 17
428 4
429 10
202 10
431 18
432 8
430 19
433 9
203 14
434 5
204 9
435 16
205 17
436 4
206 15
437 18
207 5
208 15
438 8
209 11
210 4
439 15
211 19
440 13
441 16
442 4
443 8
212 4
213 8
214 5
215 11
216 1
217 2
218 3
444 11
445 11
446 11
447 3
448 4
219 1
220 10
221 6
222 14
223 9
224 8
351 9
225 18
226 14
227 -1
352 19
228 1
229 20
230 14
353 12
354 14
231 5
355 5
232 16
356 14
233 17
234 6
357 14
358 7
359 1
360 -1
361 13
362 6
363 3
364 20
365 8
366 8
367 7
368 15
369 3
370 18
371 17
372 16
373 9
374 4
375 11
376 5
377 17
378 7
379 4
380 -1
381 13
382 13
383 20
385 9
384 14
386 16
387 4
388 10
235 13
389 1
236 11
390 5
237 4
391 3
238 14
392 8
239 6
393 6
240 11
394 1
395 11
396 13
241 7
397 2
242 17
398 19
243 19
399 11
244 19
400 19
245 20
401 12
246 8
247 8
248 2
402 8
249 13
250 16
251 12
252 7
403 5
404 17
405 6
253 2
406 3
254 4
407 14
408 19
409 15
255 15
410 8
411 2
412 17
413 5
415 13
414 8
416 -1
418 3
417 15
419 14
256 6
420 9
257 6
421 9
258 5
179 9
181 16
180 5
182 1
422 3
183 12
423 8
184 16
185 14
186 5
424 3
187 10
188 11
425 1
426 9
189 19
427 15
190 15
428 8
191 18
192 19
429 10
430 7
193 18
431 18
194 1
432 11
433 20
434 -1
195 20
435 13
196 2
197 4
436 17
198 14
437 6
438 12
199 2
200 2
201 9
202 19
439 18
203 9
204 19
440 7
205 10
441 20
206 7
207 5
208 6
209 18
442 1
210 1
443 17
444 20
445 -1
446 6
447 20
448 12
211 3
212 10
213 8
214 16
215 20
216 10
218 15
219 2
217 19
220 2
221 16
222 15
223 -1
224 8
225 17
226 2
227 19
228 19
229 7
230 14
231 4
232 19
233 7
234 7
235 19
236 7
237 3
238 2
239 9
240 13
241 -1
242 7
243 9
244 20
245 3
246 13
247 1
248 12
249 7
250 6
251 15
252 5
253 14
254 10
255 12

